-.89166666666666666666
-1.00833333333333333333
-1.12083333333333333333
-1.23750000000000000000
-1.35000000000000000000
-1.45833333333333333333
-1.56666666666666666666
-1.67083333333333333333
-1.77916666666666666666
-1.87916666666666666666
-1.97916666666666666666
-2.07500000000000000000
-2.17083333333333333333
-2.26250000000000000000
-2.35000000000000000000
-2.43750000000000000000
-2.52083333333333333333
-2.60416666666666666666
-2.67916666666666666666
-2.75416666666666666666
-2.82500000000000000000
-2.89583333333333333333
-2.95833333333333333333
-3.02083333333333333333
-3.07916666666666666666
-3.13750000000000000000
-3.18750000000000000000
-3.23750000000000000000
-3.28333333333333333333
-3.32500000000000000000
-3.36250000000000000000
-3.39583333333333333333
-3.42916666666666666666
-3.45833333333333333333
-3.48333333333333333333
-3.50416666666666666666
-3.52083333333333333333
-3.53750000000000000000
-3.54583333333333333333
-3.55416666666666666666
-3.55833333333333333333
-3.55833333333333333333
-3.55833333333333333333
-3.55416666666666666666
-3.54583333333333333333
-3.53333333333333333333
-3.52083333333333333333
-3.50000000000000000000
-3.48333333333333333333
-3.45833333333333333333
-3.43333333333333333333
-3.40416666666666666666
-3.37083333333333333333
-3.33750000000000000000
-3.30000000000000000000
-3.26250000000000000000
-3.22083333333333333333
-3.17916666666666666666
-3.13333333333333333333
-3.08333333333333333333
-3.03333333333333333333
-2.97916666666666666666
-2.92500000000000000000
-2.87083333333333333333
-2.81250000000000000000
-2.75416666666666666666
-2.69166666666666666666
-2.62916666666666666666
-2.56666666666666666666
-2.50000000000000000000
-2.43333333333333333333
-2.36666666666666666666
-2.29583333333333333333
-2.22500000000000000000
-2.15416666666666666666
-2.08333333333333333333
-2.01250000000000000000
-1.93750000000000000000
-1.86250000000000000000
-1.78750000000000000000
-1.71250000000000000000
-1.63750000000000000000
-1.56250000000000000000
-1.48750000000000000000
-1.41250000000000000000
-1.33750000000000000000
-1.26250000000000000000
-1.18750000000000000000
-1.11250000000000000000
-1.03750000000000000000
-.96250000000000000000
-.88750000000000000000
-.81666666666666666666
-.74166666666666666666
-.67083333333333333333
-.60000000000000000000
-.52916666666666666666
-.46250000000000000000
-.39166666666666666666
-.32500000000000000000
-.25833333333333333333
-.19583333333333333333
-.13333333333333333333
-.07083333333333333333
-.00833333333333333333
.05000000000000000000
.10833333333333333333
.16666666666666666666
.22083333333333333333
.27083333333333333333
.32083333333333333333
.37083333333333333333
.42083333333333333333
.46666666666666666666
.50833333333333333333
.55000000000000000000
.58750000000000000000
.62500000000000000000
.66250000000000000000
.69583333333333333333
.72500000000000000000
.75416666666666666666
.77916666666666666666
.80416666666666666666
.82500000000000000000
.84583333333333333333
.86250000000000000000
.87500000000000000000
.88750000000000000000
.89583333333333333333
.90416666666666666666
.90833333333333333333
.91250000000000000000
.91250000000000000000
.91250000000000000000
.90833333333333333333
.90000000000000000000
.89166666666666666666
.87916666666666666666
.86666666666666666666
.85000000000000000000
.83333333333333333333
.81250000000000000000
.78750000000000000000
.76250000000000000000
.73750000000000000000
.70833333333333333333
.67916666666666666666
.64583333333333333333
.61250000000000000000
.57500000000000000000
.53750000000000000000
.50000000000000000000
.45833333333333333333
.41666666666666666666
.37083333333333333333
.32916666666666666666
.28333333333333333333
.23333333333333333333
.18333333333333333333
.13750000000000000000
.08333333333333333333
.03333333333333333333
-.01666666666666666666
-.07083333333333333333
-.12500000000000000000
-.17916666666666666666
-.23333333333333333333
-.28750000000000000000
-.34166666666666666666
-.39583333333333333333
-.45000000000000000000
-.50416666666666666666
-.55833333333333333333
-.61250000000000000000
-.66250000000000000000
-.71666666666666666666
-.77083333333333333333
-.82083333333333333333
-.87083333333333333333
-.92083333333333333333
-.97083333333333333333
-1.01666666666666666666
-1.06250000000000000000
-1.10833333333333333333
-1.15000000000000000000
-1.19583333333333333333
-1.23333333333333333333
-1.27500000000000000000
-1.31250000000000000000
-1.34583333333333333333
-1.38333333333333333333
-1.41250000000000000000
-1.44583333333333333333
-1.47083333333333333333
-1.50000000000000000000
-1.52083333333333333333
-1.54583333333333333333
-1.56250000000000000000
-1.58333333333333333333
-1.59583333333333333333
-1.60833333333333333333
-1.62083333333333333333
-1.62916666666666666666
-1.63333333333333333333
-1.63750000000000000000
-1.63750000000000000000
-1.63333333333333333333
-1.62916666666666666666
-1.62500000000000000000
-1.61250000000000000000
-1.60416666666666666666
-1.58750000000000000000
-1.57083333333333333333
-1.55000000000000000000
-1.52916666666666666666
-1.50416666666666666666
-1.47916666666666666666
-1.44583333333333333333
-1.41666666666666666666
-1.37916666666666666666
-1.34583333333333333333
-1.30416666666666666666
-1.26250000000000000000
-1.22083333333333333333
-1.17500000000000000000
-1.12500000000000000000
-1.07500000000000000000
-1.02083333333333333333
-.96666666666666666666
-.90833333333333333333
-.85000000000000000000
-.79166666666666666666
-.72500000000000000000
-.66250000000000000000
-.59583333333333333333
-.52916666666666666666
-.45833333333333333333
-.38750000000000000000
-.31250000000000000000
-.23750000000000000000
-.16250000000000000000
-.08333333333333333333
-.00833333333333333333
.07500000000000000000
.15416666666666666666
.23750000000000000000
.32083333333333333333
.40416666666666666666
.48750000000000000000
.57500000000000000000
.65833333333333333333
.74583333333333333333
.83333333333333333333
.92083333333333333333
1.01250000000000000000
1.10000000000000000000
1.18750000000000000000
1.27916666666666666666
1.36666666666666666666
1.45833333333333333333
1.54583333333333333333
1.63333333333333333333
1.72500000000000000000
1.81250000000000000000
1.90000000000000000000
1.98750000000000000000
2.07500000000000000000
2.16250000000000000000
2.24583333333333333333
2.32916666666666666666
2.41250000000000000000
2.49583333333333333333
2.57916666666666666666
2.65833333333333333333
2.73750000000000000000
2.81666666666666666666
2.89166666666666666666
2.96666666666666666666
3.04166666666666666666
3.11250000000000000000
3.18333333333333333333
3.25000000000000000000
3.31666666666666666666
3.37916666666666666666
3.44166666666666666666
3.50000000000000000000
3.55833333333333333333
3.61250000000000000000
3.66666666666666666666
3.71666666666666666666
3.76250000000000000000
3.80833333333333333333
3.85000000000000000000
3.89166666666666666666
3.92500000000000000000
3.95833333333333333333
3.99166666666666666666
4.01666666666666666666
4.04166666666666666666
4.06250000000000000000
4.08333333333333333333
4.09583333333333333333
4.10833333333333333333
4.11666666666666666666
4.12083333333333333333
4.12083333333333333333
4.12083333333333333333
4.11250000000000000000
4.10416666666666666666
4.09166666666666666666
4.07500000000000000000
4.05416666666666666666
4.03333333333333333333
4.00416666666666666666
3.97500000000000000000
3.94166666666666666666
3.90416666666666666666
3.86250000000000000000
3.81666666666666666666
3.76666666666666666666
3.71666666666666666666
3.66250000000000000000
3.60416666666666666666
3.54166666666666666666
3.47500000000000000000
3.40416666666666666666
3.33333333333333333333
3.25833333333333333333
3.17916666666666666666
3.10000000000000000000
3.01666666666666666666
2.92916666666666666666
2.83750000000000000000
2.74583333333333333333
2.65000000000000000000
2.55000000000000000000
2.45000000000000000000
2.35000000000000000000
2.24166666666666666666
2.13750000000000000000
2.02916666666666666666
1.91666666666666666666
1.80416666666666666666
1.68750000000000000000
1.57500000000000000000
1.45416666666666666666
1.33750000000000000000
1.21666666666666666666
1.09583333333333333333
.97500000000000000000
.85416666666666666666
.72916666666666666666
.60833333333333333333
.48333333333333333333
.35833333333333333333
.23333333333333333333
.11250000000000000000
-.01250000000000000000
-.13750000000000000000
-.25833333333333333333
-.38333333333333333333
-.50416666666666666666
-.62500000000000000000
-.74166666666666666666
